Sunday,32
1A,5
-1,-1,-1
1,1,1
0,0,0
0,0,0
0,0,0
2A,4
0,0,0
0,0,0
0,0,0
0,0,0
2A_R,2
0,0,0
0,0,0
3A,4
0,0,0
0,0,0
0,0,0
0,0,0
3A_R,2
0,0,0
0,0,0
SL,5
0,0,0
0,0,0
0,0,0
0,0,0
0,0,0
SL_R,3
0,0,0
0,0,0
0,0,0
Monday,32
1A,5
0,0,0
0,0,0
0,0,0
0,0,0
0,0,0
2A,4
0,0,0
0,0,0
0,0,0
0,0,0
2A_R,2
0,0,0
0,0,0
3A,4
0,0,0
0,0,0
0,0,0
0,0,0
3A_R,2
0,0,0
0,0,0
SL,5
0,0,0
0,0,0
0,0,0
0,0,0
0,0,0
SL_R,3
0,0,0
0,0,0
0,0,0
Tuesday,32
1A,5
0,0,0
0,0,0
0,0,0
0,0,0
0,0,0
2A,4
0,0,0
0,0,0
0,0,0
0,0,0
2A_R,2
0,0,0
0,0,0
3A,4
0,0,0
0,0,0
0,0,0
0,0,0
3A_R,2
0,0,0
0,0,0
SL,5
0,0,0
0,0,0
0,0,0
0,0,0
0,0,0
SL_R,3
0,0,0
0,0,0
0,0,0
